11.781, 5.197, 59.712
13.302, 6.495, 59.712
14.816, 7.803, 59.687
16.32, 9.121, 59.659
17.814, 10.45, 59.659
19.294, 11.795, 59.628
20.763, 13.153, 59.593
22.218, 14.525, 59.553
23.658, 15.912, 59.508
25.083, 17.316, 59.457
26.489, 18.738, 59.398
27.875, 20.18, 59.331
29.239, 21.643, 59.254
30.576, 23.13, 59.164
31.884, 24.643, 59.06
33.158, 26.185, 58.939
34.394, 27.757, 58.797
35.586, 29.363, 58.432
36.714, 31.014, 58.197
37.777, 32.708, 57.918
38.744, 34.458, 57.186
39.595, 36.267, 56.138
40.28, 38.145, 54.655
40.727, 40.092, 52.649
40.821, 42.085, 48.956
40.405, 44.032, 46.436
39.383, 45.739, 47.556
37.872, 47.036, 51.014
35.978, 47.502, 60
33.983, 47.651, 60
31.989, 47.8, 60
29.994, 47.949, 60
28, 48.098, 60
26.005, 48.247, 60
24.011, 48.396, 60
22.016, 48.545, 60
20.022, 48.694, 60
18.028, 48.844, 60
16.033, 48.993, 60
14.039, 49.142, 60
12.044, 49.291, 60
10.05, 49.44, 60
8.055, 49.589, 60
6.061, 49.738, 60
4.067, 49.887, 60
2.072, 50.036, 60
0.078, 50.186, 60
-1.917, 50.335, 60
-3.911, 50.484, 60
-5.906, 50.633, 60
-7.9, 50.782, 60
-9.894, 50.931, 60
-11.889, 51.08, 60
-13.877, 51.072, 57.303
-15.851, 50.752, 57.303
-17.799, 50.317, 56.232
-19.722, 49.768, 56.232
-21.557, 48.975, 54.889
-23.299, 48.008, 53.497
-24.897, 46.818, 52.537
-26.278, 45.375, 52.462
-27.348, 43.685, 52.462
-28.057, 41.817, 53.262
-28.435, 39.857, 54.498
-28.527, 37.865, 55.728
-28.388, 35.875, 56.743
-28.069, 33.902, 57.511
-27.573, 31.965, 57.511
-26.938, 30.07, 58.07
-26.224, 28.203, 58.473
-25.412, 26.375, 58.473
-24.519, 24.587, 58.764
-23.589, 22.816, 58.976
-22.567, 21.096, 58.976
-21.525, 19.39, 59.131
-20.423, 17.721, 59.131
-19.294, 16.071, 59.245
-18.124, 14.449, 59.245
-16.924, 12.849, 59.328
-15.694, 11.272, 59.328
-14.436, 9.718, 59.388
-13.153, 8.183, 59.388
-11.846, 6.67, 59.429
-10.515, 5.177, 59.429
-9.163, 3.703, 59.454
-7.789, 2.25, 59.454
-6.397, 0.814, 59.465
-4.982, -0.599, 59.465
-3.552, -1.997, 59.463
-2.098, -3.37, 59.463
-0.632, -4.73, 59.447
0.86, -6.062, 59.447
2.363, -7.382, 59.415
3.892, -8.671, 59.415
5.432, -9.947, 59.364
6.999, -11.19, 59.364
8.577, -12.418, 59.289
10.182, -13.611, 59.289
11.803, -14.783, 59.181
13.448, -15.92, 59.181
15.115, -17.024, 59.027
16.802, -18.099, 59.027
18.523, -19.117, 58.805
20.258, -20.111, 58.48
22.036, -21.026, 58.48
23.841, -21.885, 57.993
25.674, -22.685, 57.247
27.556, -23.361, 57.247
29.477, -23.913, 56.082
31.436, -24.302, 54.268
33.424, -24.455, 51.607
35.405, -24.261, 48.384
37.271, -23.586, 46.129
38.829, -22.359, 46.795
39.838, -20.654, 59.131
40.695, -18.846, 59.135
41.591, -17.059, 59.277
42.521, -15.288, 59.606
43.468, -13.526, 59.558
44.396, -11.755, 58.607
45.266, -9.954, 58.045
46.047, -8.113, 58.081
46.74, -6.237, 58.49
47.351, -4.333, 58.809
47.899, -2.409, 59.097
48.398, -0.473, 59.222
48.855, 1.474, 59.429
49.285, 3.427, 59.513
49.688, 5.386, 59.494
50.072, 7.349, 55.06
50.44, 9.315, 50.235
50.795, 11.283, 44.895
51.138, 13.254, 38.827
51.471, 15.226, 31.616
51.795, 17.199, 22.171
52.104, 19.11, 0
52.104, 19.11, 0
55.291, 38.854, 0
endData
127
60
200
11.781, 5.197, 39.96, 29.014, 45.737, 42.926, 37.248, 47.407
37.248, 47.407, 12.017, 49.293, 12.017, 49.293, -13.215, 51.179
-13.215, 51.179, -64.149, 45.52, 26.872, -41.021, 39.37, -21.685
39.37, -21.685, 45.265, -8.48, 47.152, -12.017, 52.104, 19.11
#PATH.JERRYIO-DATA {"appVersion":"0.8.3","format":"LemLib v0.5","gc":{"robotWidth":14.5,"robotHeight":15,"robotIsHolonomic":false,"showRobot":true,"uol":2.54,"pointDensity":2,"controlMagnetDistance":1.968503937007874,"fieldImage":{"displayName":"VURC 2025 - High Stakes","signature":"VURC 2025 - High Stakes","origin":{"__type":"built-in"}},"coordinateSystem":"VEX Gaming Positioning System"},"paths":[{"segments":[{"controls":[{"uid":"fyXFKnUiZd","x":11.781,"y":5.197,"lock":false,"visible":true,"heading":43,"__type":"end-point"},{"uid":"cBExiaDAmd","x":39.95980483514257,"y":29.01352995316078,"lock":false,"visible":true,"__type":"control"},{"uid":"pnkIUot1NC","x":45.73700419313573,"y":42.92619222168712,"lock":false,"visible":true,"__type":"control"},{"uid":"4jx4Hju2bb","x":37.247974749163355,"y":47.406513317117,"lock":false,"visible":true,"heading":273,"__type":"end-point"}],"speedProfiles":[],"lookaheadKeyframes":[],"uid":"YMrFRl3BGE"},{"controls":[{"uid":"4jx4Hju2bb","x":37.247974749163355,"y":47.406513317117,"lock":false,"visible":true,"heading":273,"__type":"end-point"},{"uid":"bcmwfBD82P","x":-13.214589167783716,"y":51.17941529221586,"lock":false,"visible":true,"heading":260,"__type":"end-point"}],"speedProfiles":[],"lookaheadKeyframes":[],"uid":"d53D3462US"},{"controls":[{"uid":"bcmwfBD82P","x":-13.214589167783716,"y":51.17941529221586,"lock":false,"visible":true,"heading":260,"__type":"end-point"},{"uid":"f7CY7QcZpF","x":-64.14876583161815,"y":45.52006232956759,"lock":false,"visible":true,"__type":"control"},{"uid":"5oX0yTM5t8","x":26.87249431764153,"y":-41.02087672426222,"lock":false,"visible":true,"__type":"control"},{"uid":"F5AQ0IUeJT","x":39.37023211015646,"y":-21.684754101880618,"lock":false,"visible":true,"heading":40,"__type":"end-point"}],"speedProfiles":[],"lookaheadKeyframes":[],"uid":"XwSNnm42t9"},{"controls":[{"uid":"F5AQ0IUeJT","x":39.37023211015646,"y":-21.684754101880618,"lock":false,"visible":true,"heading":40,"__type":"end-point"},{"uid":"2jMydIUynW","x":45.26539144624841,"y":-8.479597189034653,"lock":false,"visible":true,"__type":"control"},{"uid":"sUAaFtMAKM","x":47.15184243379783,"y":-12.016692790689822,"lock":false,"visible":true,"__type":"control"},{"uid":"XP8AxcjoPh","x":52.10377627611507,"y":19.109748503875664,"lock":false,"visible":true,"heading":0,"__type":"end-point"}],"speedProfiles":[],"lookaheadKeyframes":[],"uid":"6s2fRdCWot"}],"pc":{"speedLimit":{"minLimit":{"value":0,"label":"0"},"maxLimit":{"value":127,"label":"127"},"step":1,"from":21,"to":60},"bentRateApplicableRange":{"minLimit":{"value":0,"label":"0"},"maxLimit":{"value":1,"label":"1"},"step":0.001,"from":0,"to":0.195},"maxDecelerationRate":127},"name":"AUTON TEST","uid":"IkIHgynL2m","lock":false,"visible":true}]}